10 5
199 351 463 941 636 997 367 384 994 539 
0 94 98 42 42 44 82 88 94 116 67 
94 0 28 122 137 115 78 162 181 38 81 
98 28 0 132 137 127 103 176 190 65 102 
42 122 132 0 45 12 78 46 59 134 62 
42 137 137 45 0 57 116 77 67 158 100 
44 115 127 12 57 0 66 48 68 124 50 
82 78 103 78 116 66 0 101 130 68 16 
88 162 176 46 77 48 101 0 35 167 89 
94 181 190 59 67 68 130 35 0 192 116 
116 38 65 134 158 124 68 167 192 0 78 
67 81 102 62 100 50 16 89 116 78 0 
