5 2
635 770 402 157 802 
0 55 93 49 104 95 
55 0 102 27 86 95 
93 102 0 75 48 15 
49 27 75 0 64 69 
104 86 48 64 0 32 
95 95 15 69 32 0 
