5 3
227 905 570 507 266 
0 57 21 53 98 65 
57 0 69 71 150 109 
21 69 0 38 101 77 
53 71 38 0 138 115 
98 150 101 138 0 47 
65 109 77 115 47 0 
