10 3
151 333 553 551 577 893 889 676 905 244 
0 107 125 126 86 97 75 81 33 93 66 
107 0 146 39 106 162 32 171 134 177 155 
125 146 0 184 44 58 137 201 153 215 188 
126 39 184 0 143 195 54 175 147 177 160 
86 106 44 143 0 61 94 166 117 179 152 
97 162 58 195 61 0 141 159 116 174 149 
75 32 137 54 94 141 0 139 102 145 123 
81 171 201 175 166 159 139 0 48 15 16 
33 134 153 147 117 116 102 48 0 61 35 
93 177 215 177 179 174 145 15 61 0 26 
66 155 188 160 152 149 123 16 35 26 0 
