20 3
225 506 98 523 103 815 315 494 183 742 432 313 709 984 955 337 456 224 484 678 
0 18 14 20 87 91 55 105 92 129 108 109 104 59 56 103 35 57 51 28 106 
18 0 28 17 95 76 68 87 88 146 94 99 119 58 62 85 53 64 52 43 101 
14 28 0 35 96 104 61 115 83 117 122 104 90 50 67 112 29 43 40 35 97 
20 17 35 0 78 72 55 91 105 147 87 116 124 74 45 90 51 77 68 32 118 
87 95 96 78 0 116 39 149 179 156 115 194 150 146 32 152 83 136 137 61 193 
91 76 104 72 116 0 115 37 142 219 23 133 195 123 91 43 124 138 121 101 151 
55 68 61 55 39 115 0 142 144 122 122 164 113 111 27 142 44 98 102 26 159 
105 87 115 91 149 37 142 0 130 233 55 112 204 119 121 8 141 141 120 123 135 
92 88 83 105 179 142 144 130 0 153 166 37 116 33 147 122 106 56 42 118 14 
129 146 117 147 156 219 122 233 153 0 234 189 37 133 148 229 95 103 125 121 165 
108 94 122 87 115 23 122 55 166 234 0 157 212 145 96 62 138 159 143 113 175 
109 99 104 116 194 133 164 112 37 189 157 0 152 60 161 103 131 88 69 137 31 
104 119 90 124 150 195 113 204 116 37 212 152 0 97 135 200 76 68 91 104 127 
59 58 50 74 146 123 111 119 33 133 145 60 97 0 115 112 73 30 9 85 47 
56 62 67 45 32 91 27 121 147 148 96 161 135 115 0 123 61 109 107 34 162 
103 85 112 90 152 43 142 8 122 229 62 103 200 112 123 0 138 135 114 122 127 
35 53 29 51 83 124 44 141 106 95 138 131 76 73 61 138 0 55 64 28 121 
57 64 43 77 136 138 98 141 56 103 159 88 68 30 109 135 55 0 23 75 70 
51 52 40 68 137 121 102 120 42 125 143 69 91 9 107 114 64 23 0 76 57 
28 43 35 32 61 101 26 123 118 121 113 137 104 85 34 122 28 75 76 0 133 
106 101 97 118 193 151 159 135 14 165 175 31 127 47 162 127 121 70 57 133 0 
