20 10
545 905 148 263 535 950 270 480 431 882 160 557 593 168 451 819 333 802 51 673 
0 75 28 45 60 67 54 98 42 116 86 100 37 79 33 51 31 89 62 118 105 
75 0 55 120 135 119 108 105 71 182 156 166 112 151 44 111 64 21 136 175 91 
28 55 0 72 87 66 81 76 22 145 115 111 65 96 13 79 44 73 90 146 79 
45 120 72 0 15 73 48 126 77 77 47 78 8 51 78 38 64 132 17 89 141 
60 135 87 15 0 79 56 136 90 67 38 74 23 46 93 46 78 147 5 84 153 
67 119 66 73 79 0 113 63 48 146 117 52 73 52 79 105 98 138 85 162 87 
54 108 81 48 56 113 0 153 97 75 53 126 43 99 78 9 44 112 52 67 160 
98 105 76 126 136 63 153 0 56 203 173 112 123 116 86 148 121 126 141 213 28 
42 71 22 77 90 48 97 56 0 154 124 97 72 88 35 94 66 91 94 160 64 
116 182 145 77 67 146 75 203 154 0 29 130 81 105 147 70 118 188 61 34 218 
86 156 115 47 38 117 53 173 124 29 0 107 51 80 118 46 92 163 32 48 188 
100 166 111 78 74 52 126 112 97 130 107 0 83 27 123 117 130 184 80 156 138 
37 112 65 8 23 73 43 123 72 81 51 83 0 57 70 34 55 123 24 91 136 
79 151 96 51 46 52 99 116 88 105 80 27 57 0 107 90 107 167 52 129 139 
33 44 13 78 93 79 78 86 35 147 118 123 70 107 0 78 37 60 95 145 85 
51 111 79 38 46 105 9 148 94 70 46 117 34 90 78 0 47 117 42 67 157 
31 64 44 64 78 98 44 121 66 118 92 130 55 107 37 47 0 70 78 111 122 
89 21 73 132 147 138 112 126 91 188 163 184 123 167 60 117 70 0 147 176 111 
62 136 90 17 5 85 52 141 94 61 32 80 24 52 95 42 78 147 0 78 157 
118 175 146 89 84 162 67 213 160 34 48 156 91 129 145 67 111 176 78 0 224 
105 91 79 141 153 87 160 28 64 218 188 138 136 139 85 157 122 111 157 224 0 
