10 2
663 371 195 965 739 565 302 713 895 405 
0 109 70 101 90 107 64 88 52 69 73 
109 0 125 165 143 6 172 165 105 167 154 
70 125 0 171 160 120 105 157 121 61 142 
101 165 171 0 23 168 96 20 63 147 31 
90 143 160 23 0 146 100 33 44 145 35 
107 6 120 168 146 0 171 167 106 163 156 
64 172 105 96 100 171 0 76 89 57 66 
88 165 157 20 33 167 76 0 60 129 14 
52 105 121 63 44 106 89 60 0 118 50 
69 167 61 147 145 163 57 129 118 0 116 
73 154 142 31 35 156 66 14 50 116 0 
