20 7
538 94 822 527 555 372 426 903 912 991 127 482 754 986 668 268 983 316 515 781 
0 70 78 73 90 67 85 86 74 70 48 69 121 86 64 125 99 79 100 59 103 
70 0 111 11 160 72 146 77 52 98 80 94 191 127 19 147 57 89 81 110 134 
78 111 0 105 118 144 62 161 143 149 127 147 133 161 119 203 92 32 172 133 25 
73 11 105 0 163 82 145 88 63 107 88 103 193 136 30 157 46 81 92 118 128 
90 160 118 163 0 131 66 150 151 111 104 113 34 97 152 142 182 141 166 78 130 
67 72 144 82 131 0 149 20 27 29 26 25 165 61 52 75 127 136 35 57 169 
85 146 62 145 66 149 0 169 159 142 125 142 72 141 146 188 147 92 183 114 67 
86 77 161 88 150 20 169 0 25 43 46 39 185 73 58 74 135 151 15 74 186 
74 52 143 63 151 27 159 25 0 57 49 52 185 88 32 98 109 130 30 82 168 
70 98 149 107 111 29 142 43 57 0 22 4 145 31 79 55 149 148 58 33 173 
48 80 127 88 104 26 125 46 49 22 0 20 138 47 63 78 128 125 62 33 151 
69 94 147 103 113 25 142 39 52 4 20 0 147 36 75 58 146 146 54 35 172 
121 191 133 193 34 165 72 185 185 145 138 147 0 129 184 173 208 160 200 112 139 
86 127 161 136 97 61 141 73 88 31 47 36 129 0 110 47 176 166 86 28 184 
64 19 119 30 152 52 146 58 32 79 63 75 184 110 0 127 76 101 62 95 144 
125 147 203 157 142 75 188 74 98 55 78 58 173 47 127 0 202 203 81 73 226 
99 57 92 46 182 127 147 135 109 149 128 146 208 176 76 202 0 60 138 154 109 
79 89 32 81 141 136 92 151 130 148 125 146 160 166 101 203 60 0 160 139 49 
100 81 172 92 166 35 183 15 30 58 62 54 200 86 62 81 138 160 0 90 198 
59 110 133 118 78 57 114 74 82 33 33 35 112 28 95 73 154 139 90 0 155 
103 134 25 128 130 169 67 186 168 173 151 172 139 184 144 226 109 49 198 155 0 
