20 5
612 718 509 395 155 780 470 205 508 954 87 457 607 840 427 999 563 152 486 339 
0 37 87 112 79 93 95 89 112 103 43 104 79 102 52 50 55 14 48 112 81 
37 0 125 77 45 57 124 96 75 109 51 136 117 136 31 86 28 23 82 146 67 
87 125 0 195 163 180 62 133 196 128 101 51 8 58 136 41 136 102 49 71 145 
112 77 195 0 33 58 174 164 12 123 97 191 187 214 92 154 58 99 146 223 65 
79 45 163 33 0 46 147 135 33 107 68 163 155 180 64 122 26 66 115 190 50 
93 57 180 58 46 0 179 113 47 151 102 193 172 183 49 142 62 78 139 191 96 
95 124 62 174 147 179 0 172 180 75 79 20 63 119 147 54 121 106 48 133 113 
89 96 133 164 135 113 172 0 156 192 132 174 126 101 71 117 124 88 124 101 162 
112 75 196 12 33 47 180 156 0 133 101 196 189 212 86 156 60 98 149 221 74 
103 109 128 123 107 151 75 192 133 0 60 95 125 176 140 98 90 105 86 190 58 
43 51 101 97 68 102 79 132 101 60 0 95 95 134 80 61 42 45 51 146 45 
104 136 51 191 163 193 20 174 196 95 95 0 54 110 157 58 137 117 55 122 131 
79 117 8 187 155 172 63 126 189 125 95 54 0 56 128 34 129 94 43 69 139 
102 136 58 214 180 183 119 101 212 176 134 110 56 0 134 78 157 114 90 13 179 
52 31 136 92 64 49 147 71 86 140 80 157 128 134 0 101 57 40 101 141 97 
50 86 41 154 122 142 54 117 156 98 61 58 34 78 101 0 95 64 11 91 106 
55 28 136 58 26 62 121 124 60 90 42 137 129 157 57 95 0 44 88 168 40 
14 23 102 99 66 78 106 88 98 105 45 117 94 114 40 64 44 0 62 124 76 
48 82 49 146 115 139 48 124 149 86 51 55 43 90 101 11 88 62 0 103 96 
112 146 71 223 190 191 133 101 221 190 146 122 69 13 141 91 168 124 103 0 191 
81 67 145 65 50 96 113 162 74 58 45 131 139 179 97 106 40 76 96 191 0 
